Nbins <- 7
Nsamples <- 3
data_counts <- structure(c(3.728743e+04, 2.153496e+05, -3.131582e+05, 2.728544e+04, 1.758342e+05, 2.704188e+05, 1.496095e+05, 8.984335e+05, 5.901770e+05, 5.174999e+04, 1.535370e+05, 8.753406e+04, 1.322238e+04, 6.676119e+04, 2.345479e+04, 6.075776e+03, 7.767346e+04, 9.430469e+03), .Dim = c(3,6))
diameters <- structure(c(5.000000e-01, 5.000000e-01, 3.000000e-01, 7.000000e-01, 7.000000e-01, 7.000000e-01, 1, 1, 1, 3, 3, 3, 5, 5, 5, 10, 10, 10, 25, 25, 25), .Dim = c(3,7))
