mu_mu <- -3.059508e-01
mu_sigma <- 1.000000e-02
sigma_alpha <- 2
sigma_beta <- 2.249698e+00
